PEER STRONG MOTION DATABASE SPECTRUM. PROCESSING BY CDMG.
NORTHRIDGE 01/17/94 1231, SYLMAR - HOSPITAL, 360 (CDMG STATION 24514)
FILTER POINTS: HP=0.12 Hz LP=23.0 Hz
NO FREQ=112,DAMP=.020: FREQ NO,FREQ,RD,RV,PRV,AA,PAA,MAG RAT,PER
  1   .5000000E-01   .3550492E+02   .1318302E+03   .1115420E+02   .4090021E-02   .3572064E-02   .4849984E-02   .2000000E+02
  2   .6667000E-01   .3788668E+02   .1335134E+03   .1587073E+02   .7360610E-02   .6777012E-02   .8728280E-02   .1499925E+02
  3   .7143000E-01   .3864100E+02   .1340382E+03   .1734239E+02   .8535307E-02   .7934148E-02   .1012125E-01   .1399972E+02
  4   .7692000E-01   .3951882E+02   .1346588E+03   .1909955E+02   .1002632E-01   .9409646E-02   .1188931E-01   .1300052E+02
  5   .8333001E-01   .4057586E+02   .1353969E+03   .2124462E+02   .1196769E-01   .1133864E-01   .1419139E-01   .1200048E+02
  6   .9091001E-01   .4183946E+02   .1362820E+03   .2389889E+02   .1455193E-01   .1391554E-01   .1725582E-01   .1099989E+02
  7   .1000000E+00   .4336156E+02   .1373401E+03   .2724487E+02   .1808533E-01   .1745001E-01   .2144575E-01   .1000000E+02
  8   .1052600E+00   .4423146E+02   .1379370E+03   .2925328E+02   .2037059E-01   .1972190E-01   .2415563E-01   .9500286E+01
  9   .1111100E+00   .4517772E+02   .1385880E+03   .3153968E+02   .2310822E-01   .2244509E-01   .2740194E-01   .9000090E+01
 10   .1176500E+00   .4620641E+02   .1392861E+03   .3415656E+02   .2641535E-01   .2573812E-01   .3132357E-01   .8499788E+01
 11   .1250000E+00   .4732164E+02   .1400570E+03   .3716633E+02   .3044057E-01   .2975573E-01   .3609671E-01   .8000000E+01
 12   .1333300E+00   .4850112E+02   .1408653E+03   .4063119E+02   .3538795E-01   .3469751E-01   .4196336E-01   .7500187E+01
 13   .1428600E+00   .4972318E+02   .1416878E+03   .4463231E+02   .4153293E-01   .4083860E-01   .4925013E-01   .6999860E+01
 14   .1538500E+00   .5093728E+02   .1424810E+03   .4923944E+02   .4921983E-01   .4852008E-01   .5836532E-01   .6499837E+01
 15   .1666700E+00   .5205680E+02   .1431749E+03   .5451484E+02   .5890937E-01   .5819464E-01   .6985527E-01   .5999880E+01
 16   .1818200E+00   .5292661E+02   .1436472E+03   .6046383E+02   .7117140E-01   .7041224E-01   .8439570E-01   .5499945E+01
 17   .2000000E+00   .5341990E+02   .1437088E+03   .6712943E+02   .8668345E-01   .8599118E-01   .1027900E+00   .5000000E+01
 18   .2083300E+00   .5341866E+02   .1435590E+03   .6992375E+02   .9395161E-01   .9330125E-01   .1114087E+00   .4800076E+01
 19   .2173900E+00   .5325815E+02   .1432751E+03   .7274540E+02   .1019403E+00   .1012875E+00   .1208817E+00   .4600028E+01
 20   .2272700E+00   .5290105E+02   .1428311E+03   .7554162E+02   .1107045E+00   .1099611E+00   .1312744E+00   .4400053E+01
 21   .2381000E+00   .5238508E+02   .1421975E+03   .7836947E+02   .1202286E+00   .1195135E+00   .1425682E+00   .4199916E+01
 22   .2500000E+00   .5450757E+02   .1413439E+03   .8562030E+02   .1373226E+00   .1370969E+00   .1628384E+00   .4000000E+01
 23   .2631600E+00   .6194459E+02   .1402381E+03   .1024243E+03   .1729072E+00   .1726370E+00   .2050349E+00   .3799970E+01
 24   .2777800E+00   .6789056E+02   .1405307E+03   .1184923E+03   .2111581E+00   .2108153E+00   .2503932E+00   .3599971E+01
 25   .2941200E+00   .7137089E+02   .1622647E+03   .1318941E+03   .2487024E+00   .2484626E+00   .2949135E+00   .3399973E+01
 26   .3125000E+00   .8109961E+02   .1870568E+03   .1592387E+03   .3191299E+00   .3187201E+00   .3784272E+00   .3200000E+01
 27   .3333300E+00   .9165327E+02   .2031337E+03   .1919562E+03   .4103446E+00   .4098146E+00   .4865903E+00   .3000030E+01
 28   .3571400E+00   .9325487E+02   .2295816E+03   .2092617E+03   .4789108E+00   .4786733E+00   .5678968E+00   .2800022E+01
 29   .3846200E+00   .9847621E+02   .2625876E+03   .2379814E+03   .5868074E+00   .5862540E+00   .6958416E+00   .2599969E+01
 30   .4166700E+00   .9366184E+02   .2445286E+03   .2452081E+03   .6548412E+00   .6543918E+00   .7765167E+00   .2399981E+01
 31   .4545500E+00   .7634825E+02   .2284837E+03   .2180523E+03   .6352953E+00   .6348237E+00   .7533390E+00   .2199978E+01
 32   .5000000E+00   .7123669E+02   .2237952E+03   .2237967E+03   .7172723E+00   .7166951E+00   .8505480E+00   .2000000E+01
 33   .5263200E+00   .6878559E+02   .2211213E+03   .2274716E+03   .7674690E+00   .7668103E+00   .9100719E+00   .1899985E+01
 34   .5555500E+00   .6645274E+02   .2268433E+03   .2319615E+03   .8259036E+00   .8253724E+00   .9793640E+00   .1800018E+01
 35   .5882400E+00   .6379355E+02   .2315846E+03   .2357823E+03   .8890961E+00   .8883348E+00   .1054298E+01   .1699986E+01
 36   .6250000E+00   .6088234E+02   .2548266E+03   .2390844E+03   .9581904E+00   .9570666E+00   .1136231E+01   .1600000E+01
 37   .6666700E+00   .6620523E+02   .2651648E+03   .2773212E+03   .1185236E+01   .1184145E+01   .1405464E+01   .1499992E+01
 38   .7142900E+00   .5158569E+02   .2499820E+03   .2315174E+03   .1059183E+01   .1059178E+01   .1255989E+01   .1399991E+01
 39   .7692300E+00   .4252521E+02   .1979858E+03   .2055335E+03   .1014350E+01   .1012627E+01   .1202825E+01   .1300001E+01
 40   .8333300E+00   .3635407E+02   .1862299E+03   .1903487E+03   .1018225E+01   .1015963E+01   .1207421E+01   .1200005E+01
 41   .9090900E+00   .3033780E+02   .1602907E+03   .1732889E+03   .1009569E+01   .1008994E+01   .1197156E+01   .1100001E+01
 42   .1000000E+01   .2382288E+02   .1675876E+03   .1496836E+03   .9594350E+00   .9587053E+00   .1137707E+01   .1000000E+01
 43   .1052630E+01   .2079778E+02   .1727589E+03   .1375538E+03   .9281074E+00   .9273830E+00   .1100558E+01   .9500016E+00
 44   .1111110E+01   .1948564E+02   .1758584E+03   .1360353E+03   .9687767E+00   .9680982E+00   .1148784E+01   .9000010E+00
 45   .1176470E+01   .1954850E+02   .1752995E+03   .1445021E+03   .1091661E+01   .1088845E+01   .1294501E+01   .8500004E+00
 46   .1250000E+01   .1962164E+02   .1701647E+03   .1541080E+03   .1233862E+01   .1233803E+01   .1463125E+01   .8000000E+00
 47   .1333330E+01   .1883319E+02   .1562884E+03   .1577762E+03   .1344385E+01   .1347380E+01   .1594184E+01   .7500019E+00
 48   .1428570E+01   .1694999E+02   .1367537E+03   .1521426E+03   .1391030E+01   .1392077E+01   .1649496E+01   .7000007E+00
 49   .1500000E+01   .1557769E+02   .1376262E+03   .1468163E+03   .1412293E+01   .1410511E+01   .1674710E+01   .6666667E+00
 50   .1538460E+01   .1495009E+02   .1402812E+03   .1445140E+03   .1422241E+01   .1423990E+01   .1686507E+01   .6500006E+00
 51   .1666670E+01   .1313633E+02   .1469585E+03   .1375636E+03   .1471573E+01   .1468466E+01   .1745005E+01   .5999989E+00
 52   .1818180E+01   .1322606E+02   .1511135E+03   .1510940E+03   .1756671E+01   .1759523E+01   .2083077E+01   .5500006E+00
 53   .2000000E+01   .1451561E+02   .1717650E+03   .1824085E+03   .2330889E+01   .2336609E+01   .2763989E+01   .5000000E+00
 54   .2083330E+01   .1425927E+02   .1806602E+03   .1866531E+03   .2491630E+01   .2490600E+01   .2954598E+01   .4800008E+00
 55   .2173910E+01   .1375965E+02   .1881888E+03   .1879442E+03   .2627146E+01   .2616865E+01   .3115293E+01   .4600007E+00
 56   .2272730E+01   .1349756E+02   .1973402E+03   .1927449E+03   .2795366E+01   .2805702E+01   .3314770E+01   .4399995E+00
 57   .2380950E+01   .1320908E+02   .2035152E+03   .1976071E+03   .3005419E+01   .3013448E+01   .3563853E+01   .4200005E+00
 58   .2500000E+01   .1226384E+02   .1957819E+03   .1926400E+03   .3078194E+01   .3084589E+01   .3650151E+01   .4000000E+00
 59   .2631580E+01   .1118558E+02   .1831858E+03   .1849503E+03   .3117960E+01   .3117328E+01   .3697306E+01   .3799998E+00
 60   .2777770E+01   .1038484E+02   .1794102E+03   .1812492E+03   .3231433E+01   .3224655E+01   .3831862E+01   .3600010E+00
 61   .2941180E+01   .9112339E+01   .1583119E+03   .1683958E+03   .3182281E+01   .3172224E+01   .3773577E+01   .3399996E+00
 62   .3125000E+01   .8016119E+01   .1425812E+03   .1573961E+03   .3169787E+01   .3150322E+01   .3758762E+01   .3200000E+00
 63   .3333330E+01   .6837761E+01   .1174706E+03   .1432096E+03   .3073717E+01   .3057463E+01   .3644842E+01   .3000003E+00
 64   .3450000E+01   .6011281E+01   .1025268E+03   .1303065E+03   .2872903E+01   .2879360E+01   .3406715E+01   .2898550E+00
 65   .3571430E+01   .4969042E+01   .8666195E+02   .1115051E+03   .2561156E+01   .2550631E+01   .3037042E+01   .2799999E+00
 66   .3846150E+01   .3280488E+01   .6037238E+02   .7927653E+02   .1947002E+01   .1952907E+01   .2308773E+01   .2600003E+00
 67   .4166670E+01   .2240134E+01   .4835374E+02   .5864661E+02   .1570502E+01   .1565103E+01   .1862316E+01   .2399998E+00
 68   .4545450E+01   .1668892E+01   .4168800E+02   .4766340E+02   .1395085E+01   .1387627E+01   .1654305E+01   .2200002E+00
 69   .5000000E+01   .1342221E+01   .3795164E+02   .4216711E+02   .1352666E+01   .1350376E+01   .1604004E+01   .2000000E+00
 70   .5263160E+01   .1127217E+01   .3273085E+02   .3727640E+02   .1259118E+01   .1256584E+01   .1493073E+01   .1899999E+00
 71   .5555560E+01   .1108734E+01   .3063620E+02   .3870213E+02   .1374317E+01   .1377126E+01   .1629678E+01   .1799998E+00
 72   .5882350E+01   .9802055E+00   .2942407E+02   .3622829E+02   .1368314E+01   .1364927E+01   .1622560E+01   .1700001E+00
 73   .6250000E+01   .8290586E+00   .2555058E+02   .3255706E+02   .1305794E+01   .1303275E+01   .1548422E+01   .1600000E+00
 74   .6666670E+01   .7688607E+00   .2417860E+02   .3220598E+02   .1375748E+01   .1375170E+01   .1631374E+01   .1499999E+00
 75   .7142860E+01   .8436580E+00   .3327571E+02   .3786330E+02   .1724692E+01   .1732213E+01   .2045156E+01   .1399999E+00
 76   .7500000E+01   .6883017E+00   .2594362E+02   .3243545E+02   .1559202E+01   .1558088E+01   .1848916E+01   .1333333E+00
 77   .7692310E+01   .6692319E+00   .2307904E+02   .3234546E+02   .1588795E+01   .1593606E+01   .1884008E+01   .1300000E+00
 78   .8333331E+01   .5011077E+00   .1650127E+02   .2623793E+02   .1396161E+01   .1400422E+01   .1655580E+01   .1200001E+00
 79   .9090910E+01   .3742384E+00   .1313206E+02   .2137645E+02   .1250890E+01   .1244669E+01   .1483317E+01   .1100000E+00
 80   .1000000E+02   .3287808E+00   .1413687E+02   .2065791E+02   .1321445E+01   .1323114E+01   .1566982E+01   .1000000E+00
 81   .1052630E+02   .3500312E+00   .1564408E+02   .2315061E+02   .1562919E+01   .1560806E+01   .1853324E+01   .9500015E-01
 82   .1111110E+02   .3421979E+00   .1479146E+02   .2388990E+02   .1705425E+01   .1700130E+01   .2022308E+01   .9000009E-01
 83   .1176470E+02   .2902580E+00   .1214324E+02   .2145581E+02   .1610990E+01   .1616727E+01   .1910327E+01   .8500005E-01
 84   .1250000E+02   .2359234E+00   .9667076E+01   .1852938E+02   .1485087E+01   .1483480E+01   .1761030E+01   .8000000E-01
 85   .1333330E+02   .1620672E+00   .7543788E+01   .1357728E+02   .1160299E+01   .1159474E+01   .1375893E+01   .7500019E-01
 86   .1428570E+02   .1315239E+00   .6516819E+01   .1180555E+02   .1079825E+01   .1080186E+01   .1280467E+01   .7000007E-01
 87   .1500000E+02   .1238075E+00   .6057852E+01   .1166858E+02   .1122251E+01   .1121038E+01   .1330776E+01   .6666667E-01
 88   .1538460E+02   .1226990E+00   .5581253E+01   .1186061E+02   .1172064E+01   .1168703E+01   .1389844E+01   .6500007E-01
 89   .1666670E+02   .1042986E+00   .4555558E+01   .1092215E+02   .1164336E+01   .1165920E+01   .1380681E+01   .5999988E-01
 90   .1818180E+02   .7018080E-01   .3991629E+01   .8017430E+01   .9324186E+00   .9336474E+00   .1105670E+01   .5500005E-01
 91   .2000000E+02   .6454896E-01   .3256462E+01   .8111463E+01   .1041565E+01   .1039058E+01   .1235097E+01   .5000000E-01
 92   .2083330E+02   .5738934E-01   .2896614E+01   .7512236E+01   .1003874E+01   .1002393E+01   .1190403E+01   .4800008E-01
 93   .2173910E+02   .4803703E-01   .2491375E+01   .6561416E+01   .9136240E+00   .9135870E+00   .1083384E+01   .4600007E-01
 94   .2272730E+02   .4163302E-01   .2229010E+01   .5945188E+01   .8652978E+00   .8654148E+00   .1026078E+01   .4399995E-01
 95   .2380950E+02   .3956013E-01   .1950270E+01   .5918177E+01   .9027169E+00   .9025039E+00   .1070450E+01   .4200005E-01
 96   .2500000E+02   .3568525E-01   .1732112E+01   .5605426E+01   .8969870E+00   .8975518E+00   .1063655E+01   .4000000E-01
 97   .2800000E+02   .2765139E-01   .1370578E+01   .4864687E+01   .8727501E+00   .8724164E+00   .1034915E+01   .3571429E-01
 98   .3100000E+02   .2331806E-01   .1250305E+01   .4541862E+01   .9020873E+00   .9017924E+00   .1069703E+01   .3225806E-01
 99   .3400000E+02   .2077647E-01   .1101444E+01   .4438442E+01   .9655938E+00   .9665411E+00   .1145010E+01   .2941176E-01
100   .4000000E+02   .1421972E-01   .9496736E+00   .3573807E+01   .9167278E+00   .9155919E+00   .1087064E+01   .2500000E-01
101   .4500000E+02   .1052917E-01   .6949022E+00   .2977052E+01   .8579817E+00   .8580445E+00   .1017403E+01   .2222222E-01
102   .5000000E+02   .8480280E-02   .6223611E+00   .2664159E+01   .8530510E+00   .8531805E+00   .1011556E+01   .2000000E-01
103   .5500000E+02   .7019987E-02   .4639499E+00   .2425934E+01   .8545627E+00   .8545796E+00   .1013348E+01   .1818182E-01
104   .6000000E+02   .6041894E-02   .4126121E+00   .2277741E+01   .8753771E+00   .8753190E+00   .1038030E+01   .1666667E-01
105   .6500000E+02   .5146649E-02   .3038062E+00   .2101927E+01   .8750644E+00   .8750683E+00   .1037659E+01   .1538462E-01
106   .7000000E+02   .4409477E-02   .2418413E+00   .1939389E+01   .8697556E+00   .8695087E+00   .1031364E+01   .1428571E-01
107   .7500000E+02   .3788789E-02   .1887197E+00   .1785425E+01   .8574936E+00   .8576571E+00   .1016824E+01   .1333333E-01
108   .8000000E+02   .3356944E-02   .1793832E+00   .1687384E+01   .8644865E+00   .8645992E+00   .1025116E+01   .1250000E-01
109   .8500000E+02   .2977089E-02   .1741254E+00   .1589976E+01   .8658319E+00   .8656063E+00   .1026711E+01   .1176471E-01
110   .9000000E+02   .2637199E-02   .1761583E+00   .1491301E+01   .8596062E+00   .8596441E+00   .1019329E+01   .1111111E-01
111   .9500000E+02   .2342187E-02   .1540178E+00   .1398058E+01   .8506473E+00   .8506669E+00   .1008705E+01   .1052632E-01
112   .1000000E+03   .2114295E-02   .1494938E+00   .1328451E+01   .8507611E+00   .8508566E+00   .1008840E+01   .1000000E-01
